Grid-World:

1 1 1 1 1 1 1 1 1 1
1 1 1 1 1 1 1 1 1 1
1 1 0 0 0 0 0 1 1 1
1 1 0 1 1 1 0 1 1 1
1 1 0 1 1 1 0 1 1 1
1 1 0 1 1 1 0 1 1 1
1 1 0 1 1 1 0 1 1 1
1 1 1 1 1 1 1 1 1 1
1 1 1 1 1 1 1 1 1 1
1 1 1 1 1 1 1 1 1 1


Tower Locations:

Tower 1: 0 0
Tower 2: 0 9
Tower 3: 9 0
Tower 4: 9 9


Noisy Distances to Towers 1, 2, 3 and 4 Respectively for 11 Time-Steps:

6.30 5.90 5.50 6.67
5.56 7.15 4.27 6.80
7.57 9.37 4.33 5.35
9.51 10.0 3.70 6.64
6.00 10.7 2.76 5.80
9.28 10.2 2.58 5.38
7.97 13.1 1.90 9.43
6.40 8.17 3.91 8.79
4.96 10.3 3.61 7.22
3.77 9.77 4.38 8.82
3.26 7.60 4.33 8.54
